-0.09102308 0.3830174 0.4404673 -0.4544435 0.02810549
0.392419 0.05143501 -0.04338526 0.4568333 -0.04666584
0.1775706 0.0726334 -0.3970753 0.399825 -0.2539123
-0.4579405 -0.1720793 0.4545036 0.3895393 0.1928034
0.1405068 0.4942698 0.04406602 0.09414202 -0.2108403
-0.3528864 0.4630242 0.402299 0.1907053 0.2954674
-0.4753863 -0.02220403 0.2584595 -0.2835921 -0.181819
-0.2683742 -0.3572 -0.08545366 -0.08627567 -0.1311545
-0.3475553 -0.3611939 -0.2669659 -0.03403755 -0.2340274
0.3578277 -0.4541688 -0.05779993 0.2989248 -0.3781007
-0.3724683 0.2533079 0.3950454 -0.1255372 0.1651152
-0.4051593 0.31464 -0.05148366 0.3100644 0.3123895
0.2943423 -0.06016831 0.2544752 0.1292211 0.2101824
-0.4993752 -0.1201835 0.112771 -0.1482021 -0.3888646
-0.2563805 0.1680556 -0.3971354 -0.06510726 0.484957
0.3930511 0.3864691 -0.3249473 -0.3693043 0.1531019
-0.1796268 -0.3123089 0.2822943 -0.406405 -0.03322096
0.01150546 -0.01138697 0.4544738 -0.0170976 0.3903502
0.4144382 0.108735 -0.08931022 -0.3529053 0.4352998
-0.1987711 -0.4392794 0.4477269 0.2205963 -0.3577057
0.04928466 0.4540912 0.08548335 -0.09548972 -0.19228
-0.2802324 -0.1305111 0.4842192 -0.3457977 -0.408956
-0.3580931 0.1900071 0.1192565 0.3913941 0.02113573
0.1598384 0.3218055 0.2862816 0.4798219 -0.06056846
-0.4895329 -0.3161505 0.3427293 -0.2688382 -0.2609
-0.4233088 -0.2542763 0.2321352 0.3474532 -0.002472733
-0.3889035 -0.1100056 0.002299563 -0.1460954 -0.1445546
0.03368795 0.2403344 -0.2788971 0.1299731 -0.3161715
0.3636441 0.246568 -0.1277619 0.02983569 0.3746823
0.0817501 0.3397678 -0.1875518 0.2082903 -0.2349822
0.09434319 -0.0187102 0.4131882 0.4018744 0.4856409
0.1199933 0.4373141 -0.0334673 -0.3476534 0.07286706
-0.261274 0.4623589 0.1013657 0.01502973 -0.09742666
0.3802465 -0.3293548 -0.3278283 -0.2837452 0.1743764
-0.4523364 0.2008531 -0.1481114 -0.091056 0.3209513
0.4188573 -0.2174717 0.4611048 0.2283944 0.1863751
-0.4471561 -0.1047799 -0.02215462 0.06025326 0.1982616
0.4156835 0.1183512 -0.07157849 0.04208037 -0.4415215
-0.3022553 0.3319276 -0.3471128 0.3034185 0.04682616
0.1623176 -0.3283015 0.1330554 -0.1010602 0.4693564
0.4673984 0.2267025 -0.2427833 -0.2782121 -0.3319392
-0.09560082 -0.02842372 0.3681068 0.425708 0.3819776
0.1741868 0.450167 0.01644489 0.07651902 -0.4799757
0.002813046 0.3710434 -0.4936992 -0.4279429 -0.3357888
0.2703341 0.2351843 0.4718756 -0.03352762 -0.4256155
0.1488181 0.2585932 -0.3628939 -0.4420414 -0.1041073
-0.4350717 -0.2741136 -0.4453709 0.170282 -0.2022582
-0.3992784 -0.4280959 0.3804406 0.2542474 0.3166059
0.4821404 -0.3964004 -0.4009582 0.2988316 0.2845753
-0.4905701 0.2790659 0.2293907 0.1301319 -0.01908917
-0.3433631 -0.4917845 -0.04754161 -0.007706671 -0.1104129
-0.03533406 0.213279 -0.4446981 -0.1452169 0.3028123
0.3357088 -0.2622506 -0.1460139 0.3568854 0.3537634
-0.2041045 -0.3529517 0.2039921 -0.3961933 -0.4662722
0.4994045 -0.4651252 -0.1616087 0.4150638 0.2377974
0.3340543 -0.1857292 -0.007433452 0.1439229 0.4778534
-0.08526467 -0.3805952 -0.01358824 -0.1297852 0.4833502
-0.1116809 -0.2707552 0.1232975 -0.3634598 0.4674695
0.01507181 -0.3369297 0.1219023 0.4859542 0.1687715
-0.0810841 -0.176655 0.3352553 -0.356183 -0.3071841
0.3967387 -0.1918804 -0.3066213 -0.4822342 -0.09339213
-0.01683233 -0.07815505 -0.1571912 0.3664833 -0.04489195
0.03376487 0.4638433 0.2745915 -0.2911237 -0.1912132
0.4713425 0.03767718 0.4139954 -0.3147036 -0.2177816
-0.4050376 -0.2895129 0.477099 -0.2036978 0.225983
0.2856878 -0.3945823 -0.2604054 -0.2294551 -0.3989415
-0.3820862 0.4912366 0.4860543 -0.3629325
